# Created by Octave 8.2.0, Sun Nov 12 22:32:12 2023 CET <jmfriedt@vivado>
# name: state
# type: uint32 matrix
# ndims: 2
 625 1
 2147483648
 2570966686
 89766695
 4080989089
 4068058386
 2957765402
 3465452825
 2066288943
 27346762
 2886648709
 1645440597
 3460677110
 1544032125
 3027969516
 3730711273
 100509134
 3945933332
 864715215
 709400859
 3710098464
 1571313389
 4004595270
 622862418
 1956554704
 2338007296
 1687323740
 2371224859
 2788305368
 4267278434
 1801730423
 58731135
 3434475211
 381623677
 3984229529
 1833126108
 450792744
 797172735
 3107699475
 4115007840
 2317021435
 2176034111
 1298120278
 1780808806
 4017645955
 507370679
 293881162
 2517157296
 3743410012
 2016481145
 1107406955
 1477659175
 2462616484
 1246901730
 2421772582
 741784333
 354135627
 1389812640
 332501641
 1173565974
 17629577
 15464370
 3882499826
 2337859984
 4056931115
 1931189314
 3120858513
 1979548002
 2814426592
 3467817932
 3141166336
 1393477839
 3716815330
 634459850
 1808744151
 860664181
 3884462511
 3026269511
 3072854851
 599084201
 2040320152
 3004785793
 933827883
 3106969057
 590942747
 585591105
 1147978385
 1699889201
 2156864353
 3979065274
 194950486
 3343777186
 3211653662
 513657422
 3894068226
 3931505790
 2350747698
 1079707871
 1747395882
 1800408571
 2148297113
 3739208645
 1683894156
 3686529268
 3159471825
 4152174004
 177297673
 28438016
 576954834
 3574406424
 870736595
 2564844668
 2692145975
 1313456223
 371202425
 3200088251
 1882365807
 479279327
 64652166
 1703441279
 2647839799
 3598492286
 2160737437
 2361365415
 1811611384
 411318921
 586147717
 2259529092
 3261254409
 3896923008
 662574140
 614598244
 2738643587
 2729640225
 795670570
 1982591141
 2362204830
 2181853956
 1475880287
 3273194152
 2070057727
 2541280642
 4100740786
 1268022873
 3845198977
 1118581525
 2646326116
 2967570287
 2847789113
 295563855
 1251336159
 1960053818
 696541638
 1671515212
 1921545313
 3363214169
 788718641
 3547707546
 4233360210
 2085560553
 75038108
 622359301
 3509896976
 145574850
 2450633172
 64212127
 205365884
 281624549
 1420388808
 471128604
 1214570659
 3919095372
 1227566511
 806308131
 3243141621
 2901578353
 2139548967
 2736536821
 790417877
 2828694281
 1864259872
 1885722618
 1042296308
 3540800510
 2118051008
 1907484510
 540268973
 3440453475
 974877341
 3785389496
 2315361269
 1008652677
 4135085113
 514087677
 1918068955
 1817461826
 2416929390
 4281798382
 1367115930
 235870350
 4263021465
 372705516
 178500659
 3460900827
 2600277894
 1739905248
 142823010
 1120089037
 3651218002
 1853903001
 3861560315
 657487054
 3909489804
 805871547
 1043921059
 1471546211
 2913863319
 2243761334
 2392885856
 3479388376
 2720769246
 3476669008
 57645968
 913614465
 2354445708
 2031155627
 57217808
 3636336930
 450485903
 1022548098
 369347965
 3740816897
 3005530051
 4144293825
 3646587126
 4180284263
 446891345
 1815607979
 3460070603
 3548948505
 23377139
 3855745959
 198855773
 444019615
 1444948243
 2679163051
 733104064
 3216197393
 4197456573
 2942934538
 2491186360
 487505117
 2741581589
 3471880778
 1725677538
 1760685976
 1573398922
 2768078808
 1580337760
 2532198779
 4220541440
 405567500
 3579697367
 1076384787
 120883971
 2039681575
 432382345
 1512844589
 2230207590
 3499314496
 3505213720
 3109697266
 4185524546
 3924607396
 1504043513
 2885279363
 4029780344
 953354281
 3676012338
 3701991205
 1288689869
 3511012543
 1642245935
 483939255
 1270656384
 3578973300
 2432716120
 2063095755
 3332523009
 17292068
 603399245
 476388977
 1304439564
 565236093
 1752838445
 4158684526
 3780259196
 1630167598
 593776688
 421596996
 320837150
 1849893810
 1432054487
 2689666133
 1926245534
 2439340005
 936978009
 981976810
 3510247517
 1449531946
 374355805
 679954533
 3635358297
 4190147491
 436042299
 2730651308
 821912801
 1462687026
 2910032785
 3841193257
 1284409780
 3506934996
 3766481580
 2439148670
 561554140
 327655907
 3474069619
 2564282462
 2196477632
 3431759885
 1822119020
 1024485153
 3193842762
 1626363397
 3827862621
 2695734217
 1343348573
 746345409
 3128013679
 2417745446
 4173606804
 1148597944
 2302849616
 2400049295
 570653434
 2485221401
 1278421826
 2973499830
 3739488529
 1566252324
 2327674562
 1161622024
 3385748112
 4114555826
 3444478997
 3135743864
 596446889
 2550097678
 2450087906
 289509670
 2790525116
 3028999493
 4040344121
 1555644911
 2516266902
 1429722160
 3717444421
 4158709878
 99188576
 1166962617
 80309311
 3570265645
 797509961
 3676985315
 3550238400
 240461658
 3851024017
 3111108166
 3872166883
 2237121348
 1569961688
 3347088721
 1686864534
 363600230
 1645998144
 1937684149
 3829078414
 4181576355
 1917639500
 3329566282
 1731533694
 4230367761
 4272541409
 4087150711
 2128123170
 225858517
 3094714956
 1563303545
 212321040
 2288654332
 2034239704
 3592535687
 4011845874
 2024052114
 3746176951
 51337620
 3334030395
 2501277788
 2102027120
 4161483283
 797332991
 256766254
 2171401634
 2137248239
 4271309646
 3576128846
 3687796977
 1798078291
 4105755449
 3067786724
 1585860661
 3542945316
 451992775
 1995536204
 3866722532
 250430476
 3755074329
 1308029699
 2132028597
 4049375707
 3228078865
 2155746276
 3537876143
 3561523143
 3782747211
 2841184490
 3987183900
 21825179
 2433350251
 2897015426
 627526269
 2652114951
 1121550997
 2747292737
 4050329111
 16813896
 771506101
 2393013294
 243839796
 1154388733
 2580019860
 2834830917
 1891819111
 1359460273
 3417387516
 1590853654
 2645556803
 1923550213
 3797102642
 547432324
 2281356369
 770765761
 2792817857
 4069374503
 2071340292
 2021988964
 336365687
 568594748
 2119223518
 3211045747
 3495088723
 2365769142
 3319813334
 1962191766
 3406308032
 3443159299
 1457025124
 3423107439
 2768546227
 3308650907
 3787345228
 656859105
 187522447
 822421951
 864764119
 889313831
 3535092493
 3402626126
 1160530950
 529247188
 1617156958
 308029235
 3537212573
 927743112
 2017907944
 784731108
 1511372279
 1346155642
 4065839977
 1994476993
 3790272685
 1887248440
 494833798
 2696113927
 2405003112
 1546208176
 2823848289
 3962497300
 785294627
 2395924295
 3446926209
 1066267751
 1142491427
 2695962182
 485900036
 3048118528
 2080084912
 841763955
 301186009
 2096619377
 2138872335
 2904908
 835983048
 3905263057
 3108289520
 103310155
 307384906
 3106512028
 2310212078
 2058672643
 2865537804
 2149767283
 3607227215
 3780786626
 4256035799
 952679351
 3283381393
 1618596821
 3788807889
 1636121924
 3954283867
 3210437007
 1248329383
 972049354
 2731342121
 1052960219
 3576688946
 1359975975
 3509006070
 584815904
 2589565677
 670409832
 1638050439
 3141915837
 1651647093
 1563311539
 68413206
 1323437397
 1996687758
 753501637
 2206544235
 1270091888
 2111862663
 4081328246
 1913205596
 1728308323
 1747324850
 696371013
 3687561105
 2103135066
 2151024504
 3167130135
 670910128
 3775165344
 4182882024
 285862423
 96137558
 2049526531
 3559994280
 993049644
 1462160266
 3091462687
 2304352554
 2477448466
 4085034932
 4004958161
 3317996797
 1467798278
 3702318969
 148270879
 2080174682
 1454395974
 2006964122
 716726986
 3130125489
 624714039
 2796614660
 281761800
 2369959344
 2371632153
 2213934902
 268162239
 3682120317
 96635372
 3832543624
 3990877081
 1607864021
 2228036286
 2486253486
 1354008766
 4152571683
 4277584601
 1489592652
 4110676361
 3147914926
 128971034
 3395337902
 2077309768
 721726007
 2903759145
 182139194
 4113049608
 104944190
 2004502883
 1748295212
 1


